18
26
27
29
103
125
151
156
164
172
187
195
199
210
272
289
310
388
403
444
450
546
587
594
602
603
605
625
652
688
700
702
719
720
766
772
788
789
813
822
828
829
868
887
891
893
895
900
915
916
927
928
937
939
945
948
952
953
956
978
980
990
995
997
999
1008
1010
1012
1014
1015
1021
1024
1030
1032
1034
1035
1036
1039
1041
1042
1044
1048
1049
1050
1054
1055
1057
1065
1068
1077
1078
1080
1082
1084
1086
1087
1089
1090
1091
1092
1093
1097
1103
1109
1110
1111
1112
1114
1117
1118
1119
1121
1122
1124
1127
1138
1143
1149
1154
1155
1160
1161
1162
1163
1164
1165
1166
1168
1169
1171
1172
1173
1175
1176
1180
1181
1182
1183
1187
1188
1189
